1214862
1492858
1870478
1870492
2541143
2671490
2671500
2863687
3582825
3582849
4574742
4632178
4931569
5037973
5037986
5634239
5634274
5796025
5870206
5871534
5936275
6003232
6081910
6529609
6880604
7485271
7620736
7711883
7835169
8236712
8236841
8243923
8376367
8484203
24239
24264
34926
93678
93741
94024
94042
94043
146257
146305
156529
258367
258426
279583
279597
280710
290942
359145
492194
724445
724449
880356
1211037
1211642
2108359
2179751
2258626
2548883
2625384
2625411
2858458
3097552
3444729
3444765
3540255
3758842
3773529
3928156
4096512
4222199
4441767
4478706
4647605
4786535
4790184
4792590
4803214
4929295
5716566
5867305
5997430
6083749
6164911
36933
36969
318801
318817
318835
318877
502414
515524
553661
740327
740357
849219
849521
849545
884651
903985
905868
1007799
1007867
1198387
1291471
1291500
1291520
1291523
1548172
1548204
1548244
1630486
1675025
1677104
1697325
1887859
1887913
2645442
2691890
2824141
3183669
3299242
3625912
3943138
5150576
5212600
5212682
5212703
5541505
5544023
5544076
14349
141182
141204
144848
144978
144990
145021
201507
201519
201522
417583
444115
444155
562103
569072
661181
703091
708245
766146
766230
766254
766326
766392
808416
808428
808440
1152443
1172066
1172085
1172103
1172107
1172113
1199627
1240287
1240325
1290612
1300730
1347509
1347551
1347560
1347562
1375068
1375071
1380419
1380437
1381163
1463331
1679856
1716347
1765124
1765277
1770361
1770421
1911088
1911118
1926649
1983405
1983416
1988750
1994809
2257893
2400123
2429598
2433267
2433282
2622311
2622396
2622408
2622438
2622444
2695323
2695337
2695638
2695662
2695687
2695689
2695773
2695791
2695824
2695829
2791753
2795517
2795655
2795698
2838943
2882162
2882210
2882584
2962213
2962229
3197470
3279330
3279331
3279378
3279388
3279394
3311593
3311594
3404877
3404884
3524359
3530825
3530833
3530839
3530866
3598144
3598162
3612833
3612897
3616314
3616322
3616334
3687911
3688388
3688409
3688418
3688469
3739512
3830124
3830143
3874412
3878507
3888313
3888378
3888387
3888784
3888823
3888835
3888861
3942130
3942136
3942160
3942172
4156691
4156867
4170785
4170954
4171926
4185099
4187210
4194118
4194140
4218483
4232833
4232964
4233094
4233104
4265552
4265574
4276272
4276581
4276650
4328631
4328632
4328715
4328718
4331387
4651939
4651968
4808290
4808314
4808442
4808705
4808738
4808856
4808882
4863345
4863360
4913428
4913485
4930988
4931007
4984422
4984461
4984479
5168051
5168081
5168087
5179092
5183879
5183936
5184060
5184080
5193734
5290692
5334945
5342868
5358081
5358100
5382122
5387211
5421276
5421304
5428408
5431285
5435386
5475148
5475189
5475210
104047
104073
173815
189912
445637
445667
446740
745401
1516575
1516578
2246207
2255789
2342443
2414859
2618498
2618509
2618518
2618545
2883888
3126639
3181190
3198688
3210871
3290890
3327835
3327889
3403241
3403252
3403313
3684854
3684910
3713452
3713776
3788220
3788304
3960881
3972631
3999721
4076708
4083432
4146378
4247293
4396315
4526257
4772386
4772401
1121551
1515209
1521466
1521527
1633668
1633700
2073874
2682832
2914262
2914276
3870489
4034088
4437588
4514847
4580399
4640374
4748225
4777124
4867342
5104953
5113090
200245
524058
535383
568590
568605
768198
852466
868008
868046
967306
1326304
1326321
1530119
1530123
1611594
1611634
1611647
1994453
2430683
3621236
3624173
3632789
4200324
4259241
4510004
4510057
165396
167260
243530
249688
330534
331026
423074
460711
505805
605664
745251
745287
759630
839434
896449
896509
899729
899841
912431
928556
928633
928648
979272
979336
979340
1098639
1098735
1098768
1098807
1214089
1214127
1321762
1383595
1383627
1383638
1393182
1413349
1465888
1465960
1465985
1530346
1530360
1699245
1699311
1700232
1760922
1760988
1775431
1779830
1850919
2088151
2282548
2369781
2504977
2590650
2711273
2712054
2840691
2854702
2913875
2913947
2916937
2916950
46525
656628
723712
887623
1672141
1676864
1755540
1863562
2000236
2000279
2065818
2353366
2435070
2489530
2489552
3042320
3042327
3347705
3347712
3347715
3407941
3407959
3469495
3469512
3477296
3573038
3578331
3578360
3746207
3813743
3813791
3813793
4003548
4383997
4384031
4612382
4739082
4739140
37261
37270
51028
51397
146058
151673
193422
193430
193442
203768
203818
203825
246174
246215
271765
302742
358866
358869
358914
370224
383036
383147
406456
406643
406680
439609
477107
479103
479110
512041
512101
555560
559633
559667
599834
599865
605251
606487
632998
750150
750196
837196
990081
1248402
1547469
1547478
1750146
2036237
2036267
2145582
2145800
2165176
2306880
2307784
2568340
2568385
2997726
3316611
3402184
3937800
4120086
4120311
552655
554730
600427
614771
1295438
1357435
1357456
1357484
1357494
1357504
1596529
1687491
1687540
2775205
2863415
61638
61654
61665
61674
79162
161089
161104
170983
285695
289542
289552
337286
337303
339302
339303
357382
357411
357425
428675
432708
486685
486707
486718
554495
567424
603748
603805
620757
620774
622712
645593
662020
704165
721390
721413
722124
760727
881424
881491
881517
882526
914574
914590
914652
915156
915170
1126487
1130986
1131015
1291810
1337049
1409290
1412580
1412673
1454677
1454682
1491122
1491125
1491126
1575553
1578492
1595609
1595659
1640065
1640097
1640110
1640119
1811002
1811051
1814842
1814877
1839130
1863713
1921296
2020101
2020111
2021114
2100498
2100513
2969643
3218958
98953
101748
420827
420839
1490177
1542556
1542580
1978619
2482402
2767384
2767396
2767490
2767513
3057340
3429992
57090
57093
57745
57792
65277
65364
65391
105687
105704
172923
172950
244309
244340
294142
365758
365795
365799
365806
365813
365825
428532
428560
441038
441047
441067
445524
506582
506592
606259
606307
606713
607927
609505
622182
666133
686401
686408
686415
706404
798077
867243
881409
881421
881455
881511
881519
881640
881669
881957
881984
897785
899633
899636
954236
955480
1008441
1008500
1126440
1133812
1216900
1216932
1226383
1512562
1984115
1984308
1984509
2121923
2458700
2459635
2459656
2459667
2867617
2869441
2901918
2911817
3026983
3028205
3062164
3211591
3212900
3387808
3462124
3509693
3530559
3530618
8164
23772
27955
28029
66755
133897
134743
446214
446228
773470
821101
988264
1409538
1605583
1608896
1614975
1774751
1892955
2124097
2160269
2187618
2187636
2339894
2968339
3002373
35282
39821
45592
48352
48371
48380
99341
99370
99386
160455
160497
171355
180767
180788
214120
214135
214144
248132
281622
281640
298550
298551
298593
348630
348660
349343
349479
349484
356775
356781
377980
377994
377999
424423
437194
437197
441577
441642
474615
487464
505958
509701
509710
509724
529913
529921
533491
533512
538491
538545
553083
553117
567769
602092
602101
602102
602150
603816
603830
673457
673483
673498
673506
690723
760178
763527
768877
773481
773500
826121
854950
855095
857633
863296
863297
919685
931659
931688
932494
932566
934859
944744
966412
989689
989712
995952
1005210
1005253
1005321
1016522
1042766
1047344
1049492
1049549
1401319
1402700
1402821
1445841
1551138
1551177
1557198
1557228
1683838
2064511
2169267
2241318
2299535
2420091
2420110
2450229
2459071
2556055
2630949
2633189
2633308
2659965
2746210
2746214
2861903
2942599
3009355
3010900
3010989
3145330
3191859
3191865
3191912
6663
33893
33932
34043
34349
34436
35084
35110
88699
88700
98105
98119
98167
119643
167317
167421
167487
167493
198185
201583
221504
221535
221556
222622
222862
222864
288657
301312
301389
301412
301419
375063
396481
439047
439301
461799
549553
549621
549634
549829
614184
615278
615282
615289
632684
632689
634323
665484
665486
665556
753006
753017
772919
803649
803679
834590
898154
934611
934653
934684
986277
994723
994735
994759
1026684
1026758
1026759
1041542
1041569
1041602
1075474
1075479
1166447
1166449
1169453
1169472
1263938
1263943
1279841
1279890
1282254
1291115
1344859
1344923
1365221
1365224
1365227
1374303
1492031
1492316
1505485
1524272
1524286
1534354
1534430
1639161
1640445
1688885
1692487
1692534
1824005
1824029
1824038
1872390
1872397
1895137
1895194
1895300
1896119
1954233
1972440
1972596
1981908
1981915
2022243
2022246
2027923
2027991
2028003
2101716
2101739
2102819
2134682
2134727
2159564
2194468
2210156
2210177
2245214
2245244
2245265
2245269
2245270
2279049
2279057
2292413
2293380
2300536
2300593
2334150
2334212
2361926
2434239
2447289
2460049
2460057
2478426
2493978
2504836
2537418
2624122
2631979
2632006
2739160
2761971
2762000
2789838
2789848
2789855
2877672
2890874
2891092
2891198
2891230
3047590
3047615
3047627
3075810
3075811
3075813
3075829
3100226
3100239
3144925
3144965
3177641
3181441
3261162
3261168
3263063
3278638
3299119
3299236
3302105
3302147
3302153
3302173
3302201
3320323
3320329
3320335
3320350
3358452
3407361
3407368
3437959
3438081
3438103
3444411
3444429
3492999
3504325
3504455
862789
862816
1760669
1760682
1834453
2081618
2111633
2111715
2111722
2214404
2214426
2214441
2214456
2250055
2250095
2306151
2323686
2323697
2328773
2328785
2343036
2366852
2366869
2374254
2419967
2420005
2420038
2443541
2443564
2508547
2508553
2508577
2588293
2610757
2652500
2652502
2701253
2714316
2847462
2854263
2854269
2865589
2928601
2928652
2928668
2928759
2928787
2928812
2934274
2934302
2934329
3025930
3030800
3042933
3050294
3058326
3058338
3081060
3094606
3094626
3103369
3189922
3194378
3194401
3231658
3231661
3292304
3294699
3294709
3302855
3306295
3306306
3322469
3322515
365475
1515158
1985049
1985085
2007215
2077612
2345705
2345741
32442
87504
327453
382333
455173
455243
1080948
1127835
1127839
1562377
2102169
2136282
2804698
2936421
2957180
208632
208661
208664
286496
334700
337124
337199
396215
396245
398127
398147
527103
532933
532950
564090
740368
811976
812953
814457
961427
989515
1022273
1093446
1173801
1173838
1204229
1204301
1316793
1316824
1523542
1523692
1541259
1688020
1723221
1839859
1843162
1970430
1970449
2081609
2081621
2157118
2157134
2163634
2163666
2163753
2163762
2245182
2288845
2294489
2299674
2354005
2354046
2356975
2359111
2359135
2359141
2367054
2367063
121288
188171
197905
198838
204949
204967
271740
271779
271788
349523
407395
478716
478738
542880
595765
1078330
1078367
1165803
1209669
1209693
1277220
1277260
1431602
1431620
1431653
1491066
1712100
1724624
1727781
2069310
2123623
2123930
2307817
2307872
2396559
2612032
2627206
2742973
1256871
1319107
1319184
1571155
1571204
2642532
2708063
705399
708593
708616
735348
837926
895552
969261
969270
969286
1009673
1009705
1199306
1331464
1412306
2122904
2436080
2689237
2689247
2918863
2925932
2925956
2925985
283771
391101
391111
475211
475246
530491
1008745
1641535
1684151
1807518
2162692
2307434
2365270
2920293
2920330
3270814
84657
84795
85581
662171
825277
848991
854147
974828
1309027
1309080
1535848
2143864
2231704
2260801
2447676
2474441
2802400
2806878
2896741
2967132
2967177
2999102
3005026
3052964
3053033
3058545
3123571
3126765
3127745
3329296
3426907
3426982
75911
255954
1850736
1850882
1954144
2053707
2186399
2210282
2210335
2253543
2253553
2253587
2253593
2426476
2509685
2975951
3178596
3178602
3302001
3302020
128312
215898
285216
504489
508752
2090109
2597267
2822960
440396
464935
464946
779158
779204
1793836
1223935
1272178
1272207
1272310
1374149
1460398
1571623
1609986
1738058
1763880
2461280
2462624
2462658
2464730
2541980
2593259
2611555
2823356
2823445
2823504
2823521
2834115
2924631
3009553
3009608
3156764
3156800
3156830
3156835
3256628
456467
484128
501319
568649
578033
579463
579468
579527
805932
805960
873383
952633
1311167
1540910
1695993
1756444
1856939
1867081
1867093
1869759
1890120
2197046
2198593
2230524
2230531
2511248
2512469
2538253
478001
749095
749629
970437
1162185
2311182
43360
43370
43379
323761
341014
341072
477885
618828
644465
644478
644496
644507
816007
816447
2016810
2016816
2024176
2194199
2356373
2370519
2370554
2448758
2497773
2497824
2497865
2497881
2497904
2672773
2701348
3017776
3017823
3134276
46230
236626
237349
467632
917156
1301423
1301528
1566009
1566047
1776241
1930288
2295297
2295361
2300651
2874849
2982733
3021862
3087385
3089660
58074
380241
380768
614607
614610
857699
857729
864048
864054
987436
987529
1155871
1361239
1398342
1416024
1416044
1787707
1787762
1787776
2073993
2074003
2219820
2329684
2329695
2475250
2659609
2741827
2741835
2741856
2743878
1526667
2126581
2688647
2688663
2786885
2953678
3085289
3092978
75855
75909
335910
611549
628228
629572
723037
931600
933629
1043506
1074479
1370062
1558115
1684332
1841947
1841986
2281189
110911
110925
186189
245559
263319
297257
327556
368471
444092
489692
490831
490859
490868
490877
512338
612817
615660
642564
653666
670051
670069
932178
952527
966332
967428
967461
967542
1032672
1051036
1051037
1051042
1161049
1222266
1288049
1489429
1571298
1571364
1571373
1571391
1571435
1695530
1695537
1817168
1817171
1826989
205851
277322
277327
277342
318663
469803
469830
469869
648980
678814
712515
718226
734727
734767
734792
792199
792214
806705
923010
923069
923129
1002292
1027730
1042510
1099951
1099993
1100522
1113936
1113969
1120735
1132145
1132857
1132863
1132866
1134263
1153708
1153724
1153753
1153765
1227316
1237667
1252503
1263613
1263645
1273673
1273686
1273707
1301130
1347548
1355524
1360159
1360170
1402494
1402512
1457104
1457211
1503738
1503760
1547610
1547685
1619736
1619774
1643145
1647876
1650334
1659892
1659899
1660024
1660042
1666302
1666338
1690806
1690836
1698096
1698128
1723033
1723039
1782923
1782954
1782967
1820802
1850646
1850677
1877262
1877364
1877691
1883096
1897560
1897611
1903337
1903363
1903385
1907508
1907534
1910625
1917744
1965023
1965041
1978480
1978557
1989819
1989834
1989849
2017157
2017205
2018086
2018110
2018131
2049839
2049857
2082318
2082333
2082414
2113360
2133819
2133859
2134893
2135712
2153708
2153711
2181911
2182811
2182880
2194284
2216786
2216824
2216827
2221384
2221409
2227480
2251947
2263343
2304840
2304842
2328998
2354520
2354917
2355004
2355057
2355078
2355106
2431368
2439647
2458958
2466646
2466680
2466986
2476892
2476913
2494777
2502057
2502059
2552262
2563048
2620203
2627945
2668196
2695607
2696956
2736297
461076
461103
500255
500293
500413
677882
720151
861412
861421
917936
918334
944675
1010918
1117579
1117685
1205069
1205107
1208771
1211725
1280226
1280280
1281219
1336135
1336213
1336237
1482001
1482373
1482388
1482389
1482415
2112810
3441554
3441616
63094
105082
108207
108210
208495
208652
209448
302208
302213
302249
432224
626323
1476573
2575634
2575688
3047521
3156563
3156609
3156741
3158463
3167613
3219119
81496
226278
465635
492560
492571
512501
512533
638790
640305
673224
673594
804231
1237478
1332372
1347404
1395816
1528699
1725239
1761938
2442298
503989
1203679
1204439
1204446
1303295
1303335
1464140
1594873
1594922
1595045
1595097
1891384
2127545
2243587
2519876
2523667
2523727
2711371
2711398
598696
1315883
1321652
1323504
1757701
1902137
2127106
2130453
2302028
2573623
2711930
2714744
2791230
2791305
2885111
2897106
2897162
2969950
2976851
1153446
1153479
1155188
1155233
1155239
1155265
1234732
1234733
1310423
1310459
1685101
2384162
2384188
2395956
13920
67750
91392
131364
138891
168468
172623
178216
181548
204588
223578
223588
223606
277369
277376
281059
311953
316107
316139
316174
316176
432900
432947
449659
488875
488884
488895
488978
489005
494823
512499
512517
555379
555405
576103
576113
576136
579364
579370
579387
648923
648964
648965
649173
649288
701632
993022
993060
993064
993079
1098658
1103014
1151459
1151474
1151483
1253668
1253780
1284104
1288227
1288239
1312153
1312209
1312309
1350735
1350739
1350753
1354615
1435058
1435102
1443612
1463411
1463433
1463452
1463454
1463469
1463470
1463473
1501997
1701639
1704336
1717303
1717330
1717342
1717348
1823020
1843688
1848025
1848076
1848079
1901780
1927288
1927303
1927350
1933847
1933952
2056522
2088560
2088573
2108516
2108550
2129089
2129100
2129133
2134327
2134347
2197264
2197295
2256166
2270977
2271002
2295916
2295939
2295952
2295954
2325200
2326755
2326790
2350580
2350610
2350620
2386151
2413806
2413839
2444489
2444502
2444523
2444560
2444580
2444584
2504237
2578662
2578765
2583777
55131
76884
178669
178678
184884
285260
285275
460146
487378
525126
530784
530791
590551
623417
623420
623457
741692
856965
856976
1266279
1293561
1357146
1480044
1486636
1951095
1953660
2292247
2294514
2397792
82180
104010
104011
104032
104055
104062
104094
104103
143095
143113
163858
163859
163918
163932
163954
200014
208892
211747
211778
211785
290424
290441
290480
290499
290511
290521
292356
292378
351837
351872
351905
360640
370241
370251
370325
444666
444711
444714
460055
509325
515380
515422
515435
545593
545636
545639
545741
630765
630850
630861
630864
650946
760375
760384
832986
833026
842803
842822
842834
842883
842890
907023
932650
1001073
1001079
1010415
1025937
1025943
1202199
1223681
1226539
1235707
1235729
1264692
1264698
1264750
1382646
1382667
1382694
1484080
1484084
1484105
1484177
1484201
1496098
1496130
1496249
1554946
1591147
1591169
1591174
1591285
1595915
1636346
1638635
1646242
1646245
1646257
1646262
1767807
1767985
1866011
1866040
1866097
1866111
1866448
1891638
1891654
1891671
1949148
1989397
1989409
1989422
1989427
1989446
1989466
2003229
2003291
2003297
2010610
2010622
2029591
2029654
2154602
2154611
2154616
2154641
2154647
2214166
2235610
2235634
2235676
2262412
2273505
2336263
2337572
2337708
2338498
2338522
2395854
2396279
2396296
2438884
2440479
2444266
2444285
2451612
2451624
329044
336523
451136
682160
682162
1474290
1693784
1693800
1998882
2237282
211342
1024214
1024225
1190296
1190308
1242688
1245780
1302896
1304991
1573270
1744546
2013055
220570
418911
418931
424006
427710
512428
512433
512485
512491
513282
599369
640540
640549
640558
859282
860991
1126641
1126691
1197657
1662965
1662998
1983468
1983469
1983561
1987704
1987775
2240830
2243921
2261050
2442608
10509
210370
255978
282109
282110
290951
290960
290975
391873
578262
578270
725409
772295
915095
1011046
1011185
1015378
1293161
1475816
1478305
1531052
1701503
1701926
1741055
1897478
12253
166268
183534
271946
271954
335617
379170
835814
857740
959753
1463095
1481598
1598849
2011118
2013415
2013441
2015050
2117536
2117544
337830
337869
641833
2117915
2649693
2649999
261940
261986
688829
1113455
1975994
2222449
2295895
2295950
16073
154716
2386400
315327
2295635
35716
35728
35737
39196
151938
159564
159615
169364
243412
313505
313554
444946
444984
546631
672580
672612
817442
1446616
1446628
1446653
1446667
1533852
1786569
1786924
1787139
1788315
2051106
2113281
2272196
2272254
2272273
2456647
2456660
2456667
2456676
2456695
2527470
2566616
2566878
2567237
2567310
2567384
2752950
218068
266403
275845
392457
392458
444718
1189759
1269624
1294784
2075180
2123533
2123657
2146536
2332404
2423064
2566789
2566793
2566846
2806519
2974195
124154
313585
313615
313636
615682
615683
641453
697854
697866
697874
697877
697887
758451
1975638
1976533
1976570
2142678
16623
34963
41415
49867
146965
437672
492216
675405
879401
1767019
910297
916461
916512
916532
2424517
2691169
2841725
3071848
63017
63316
63411
67404
86531
86549
139739
154463
217801
217910
219722
266500
321625
323079
323080
329687
329717
375730
475778
475850
635204
672395
863648
863701
878109
878157
941448
1062766
1066730
1067287
1113794
1354418
1477418
1901400
1901403
1922776
1990289
1990311
1990326
2194303
2197208
2210743
2210864
1131636
1772777
1940412
2079046
2079067
2209268
2209278
2511499
103382
103398
106205
106210
106249
109752
109779
201832
201847
201856
347154
347163
388800
388839
388896
496314
539121
539130
539179
544631
544680
624179
624215
624217
624225
624968
649233
649263
660540
666441
666456
695712
699866
699882
806358
806394
806412
878035
878087
920111
920144
920148
920152
1108093
1108117
1108153
1148208
1148243
1148382
1312864
1404846
1405811
1405841
1405842
1416036
1421214
1422860
1422866
1422911
1472890
1472900
1519017
1536646
1569195
1569324
1598156
1625545
1636674
1665845
1665897
1665910
1665919
1812694
1814338
1814368
1847759
1852183
1852192
41467
42899
42931
42959
99404
99451
277125
277157
336746
368342
368348
490547
490553
491237
937528
1019857
1037651
1037671
1106404
1115659
1161327
1170997
1296280
1296307
70418
71017
154495
156627
156677
158097
227561
255369
255774
403276
452785
452791
452831
452872
510432
530491
530534
530547
633348
854558
1038298
1247545
1247573
1308788
1407258
1428594
1492426
1513732
1513734
1533239
1601781
1617391
1626518
1689738
1750094
1933468
1933482
1972999
339996
1110886
1666455
1862931
1979946
2127812
2133973
2349811
2595563
112300
1261942
1317814
1317818
1959174
2110971
2497676
2498562
90901
184809
203095
681223
833970
835248
1130178
1130215
1207666
1207695
1296736
1302694
1312410
1312515
1315283
1315321
1315349
1359897
1359958
1362852
1362869
1400438
1442230
1442353
1544577
1545477
1545609
1597477
1598159
1599223
1610636
1612517
1628341
1641069
1641081
1680941
1681067
1758001
1758019
1785132
1869696
1879293
1879310
1958886
1958943
1975773
1975793
2060469
2060484
2066205
2105952
2105953
2140815
2140900
2216198
2216203
117106
130781
341791
387583
404165
43277
46590
46594
46611
46660
57364
57392
96780
97560
97770
97868
103453
114110
114121
116243
150293
153668
155200
155290
155333
155404
155421
155423
231021
250626
390056
390124
390134
457469
457485
468236
481902
498467
518424
518445
518523
520915
539579
540021
591342
594895
594935
594990
622262
622284
664280
670169
670172
670379
693543
693582
708651
726688
770032
792487
792496
792547
822861
845759
845776
910365
910371
911692
949543
951736
979391
984268
1014033
1017014
1017030
1017048
1020397
1077414
1123738
1123786
1146525
1159386
1299887
1396802
1397155
2291582
2722556
20886
20894
190046
190049
265156
265185
467013
638877
706918
711038
28355
52103
52153
113733
114783
115012
115084
255717
447773
567158
1456548
1749898
1789519
1789549
1789553
1801723
1803430
1883088
1883116
1883126
1963961
1964008
1978407
2007201
2078004
2114887
2114916
2145952
2145979
2160988
2178683
2178708
2187010
2269359
2283806
2295407
2295582
60132
60188
60726
97704
111848
125412
176244
193385
193508
193514
193547
193556
199065
199077
199084
209734
253959
258506
258545
301914
318201
327360
398841
398872
449985
468998
469000
469026
500205
500270
520100
530038
536135
536146
606918
606937
606956
606970
637180
637219
637245
709613
709639
748672
748686
748699
748714
761677
762526
762557
780541
955506
981400
1030279
1030307
1030333
1060053
1060054
1060079
1060110
1146380
1147984
1148020
1148025
1148040
1148057
1148060
1148073
1150552
1150576
1155091
1155109
1155114
1171146
1171152
1171157
1184327
1184345
1201236
1222451
1224673
1307686
1321816
1321841
1335013
1346589
1346600
1346669
1349398
1366149
1366214
1366220
1366222
1366315
1404746
1404775
1404779
1450324
1450433
1450465
1540025
1552896
1553640
1592137
1592146
1592170
1626485
1666796
1706692
1706728
1706801
1718940
1718977
1769357
1769365
1769376
1769405
1825633
1825668
1878652
1878669
1878730
1929948
1958929
1997143
1999540
1999557
1999570
2029911
2043591
2043612
2062528
2062537
2062577
2113780
2113904
2120866
2121907
109011
265983
266052
269743
679833
679842
842616
1223803
1294983
1295023
1295044
1312281
1312304
1441288
1443196
1443219
1444647
1520683
1520693
1549332
1549398
1630066
1631180
1631233
1631240
1663975
47795
47796
69108
232017
256631
275711
292506
292561
292584
320579
325043
399250
412814
412824
412829
466514
472075
472088
472100
472102
513418
513470
533291
560240
563392
563409
563418
563464
563590
566448
628631
636277
642591
642623
642645
723263
723281
739353
783740
783815
797689
797793
807503
816852
829980
851680
889150
906227
969531
969589
973009
973060
979299
979304
979318
979383
979394
1045947
1045953
1047919
1124517
1124529
1134376
1134399
1134528
1135085
1026351
1127488
1129732
1129740
40406
40414
203341
203376
226137
226159
226191
308500
310416
310482
333109
386997
387052
392364
402329
402365
413541
563661
578015
619004
619007
619008
622013
622020
622047
718340
746504
765511
765833
765884
765939
803681
925398
925399
925416
1010414
1014847
1027979
1102553
1133647
1133674
1133680
1137021
1149958
1161942
1214396
1241070
1241090
1241095
1273304
1273466
1294483
1294528
1334207
1473678
1473780
1478377
1970971
690351
921841
925326
1063786
1063821
1441428
1441479
1577576
1577586
1645595
1726932
1730283
1798730
2131152
2312237
2312274
2446839
2449637
2450795
2554740
2554742
696613
1208210
1208282
1208289
1408040
1526317
1529215
1529339
1529392
1708610
1735902
217224
217250
434063
434125
606096
962193
1060398
1128661
1221465
1222605
1328940
1328972
1403503
1403562
1704064
1839326
1839328
2161884
2211339
2441858
122096
122123
141301
141325
167520
167553
1935435
2198725
310166
342165
393139
393177
536729
604196
604221
711762
810593
810602
810697
881584
881593
1110806
1110836
1252390
1301978
1305285
1657572
1906357
1906415
1941283
1941295
2061661
80122
81945
81983
86475
167857
167897
279495
474653
474685
560133
563535
642929
642946
657403
744671
744751
807872
1096057
1096063
1227301
1325242
1325260
1325303
1657064
521787
1322948
397915
410613
414018
591771
684724
959762
960571
1256619
1372257
1372316
1372393
1397516
1739399
2607393
10876
10897
70546
246908
246921
431698
813170
813235
2287028
483564
494792
494800
640303
669644
669695
669698
669713
808221
856504
990060
1004047
1041478
1041578
1076237
1076264
1076303
1144867
1144870
1144889
1144899
1220063
1252198
1328301
1335486
1335530
1337487
1337497
1396076
1396109
1431313
1562944
1564449
1564468
1613680
1613724
177326
177377
177383
197853
197871
254318
295030
295138
304555
317154
317173
317193
317194
317195
317198
327516
336425
336454
375691
430852
430872
430914
482089
511921
618309
622254
635425
643819
643865
699476
765639
765676
834914
835852
837814
837816
848791
853481
853492
881077
881081
938500
957971
967482
976386
976387
976435
1044361
1057744
1061584
1061620
1065125
1065164
1115769
1115805
1136453
1192054
1199908
1199915
1199920
1199944
1276024
1276030
1301005
1301017
1301083
1301116
1302521
1344047
1344054
1344061
1344062
1378670
1378671
1505414
1523941
1565279
1600753
1600756
1610203
1610205
1610236
1610280
1610318
1655160
1655176
1658018
1676544
1676568
1680920
1727690
1744031
1744047
1744062
1744081
1799805
1854454
1854455
1854484
1865727
316868
325262
325336
1175490
1175544
1437103
2117366
2117375
2117457
2117465
2117491
2244745
2250375
2250392
2250409
2250419
2250420
179965
494620
494666
674751
674769
776155
62842
104145
105266
109035
115453
115462
169518
180479
316379
317953
502500
723297
723306
724132
727601
1060678
1068221
1068835
1269378
1269430
1269819
1492644
1297118
657010
1035163
1220914
1220915
1386777
1669074
144915
144951
211429
211442
215429
215432
215451
274169
386029
386043
386993
387015
473680
495509
495532
513520
707592
725468
828633
833097
836036
932946
933020
1004324
1017912
1143750
1268285
1703031
1703053
1703068
70327
118828
295714
402532
457649
791623
792471
867893
867926
868504
868663
1457381
1457394
1522407
1563286
1563344
1563503
1563530
1716340
1751662
1754430
1754452
1815748
1900550
1906781
17677
17699
218256
284631
1205296
1874920
1994283
2003728
2341892
2347077
599281
742897
1299694
1497959
1636385
1668415
1668422
367726
367733
730043
1627648
1799155
2113636
2113699
308831
308907
360176
360184
385858
294219
313427
313479
645964
645974
700935
702833
815319
915502
915507
915529
534646
583254
583267
589678
592462
592464
619965
639063
641323
641332
641356
690275
690317
724501
727494
727559
727567
730750
730764
761950
761961
761971
761980
762031
813797
813811
813848
816257
817267
817325
826610
826616
826642
826663
862182
920094
920099
957860
959624
1075049
1081914
1081918
1115545
1115548
1115622
1166604
1168238
1180699
1180719
1180728
1180780
1193694
1193726
1193753
1227454
1227466
1241116
1279025
1294698
1294710
1299760
1299794
1328684
1332100
1332121
1332124
1351869
1352747
1352748
1352787
1356068
1411231
1411239
1433724
1433772
1449585
1469675
1469677
1488980
1488990
1493113
1499581
1574661
1574679
1574701
1613972
1614013
1614015
1614016
1614710
1623971
1634517
1674810
1689922
1689947
1701959
1702012
1702040
1758864
1758878
1759338
1769970
1769982
1769995
1792790
1792795
1795523
1801594
1801641
1808376
1849639
1867715
1867742
1889323
1889402
568479
1129003
1129051
1200429
2108584
2108641
13721
23542
352976
352993
1258519
1258546
1467576
1467593
1949050
1953467
464553
597407
637221
821500
821524
831734
831767
973287
1023827
1211423
1244830
1254771
1384110
1400299
1403576
1403628
1563682
1563727
1564490
79848
483893
773857
838383
1077549
1077622
1082275
1126347
1349664
1359028
1359177
1614577
1749090
1850917
1850941
1850946
2025101
2158255
89842
89880
89909
247517
264698
264740
264795
349280
349445
395753
395800
523470
523515
611056
611087
637795
637812
642729
642735
645221
647626
683057
687045
687085
687121
687125
751875
757987
758049
816744
881516
926567
940530
940574
1092863
1322943
1657811
8526
108584
108701
484165
485465
1517375
183224
1081359
1081381
1084242
1150274
1983958
1983962
2078310
95854
97747
134536
134558
154918
154921
154927
182823
242489
276498
302296
328528
352499
352552
512918
514799
514814
557746
557752
561275
575081
587950
588451
672311
722574
831360
871236
892152
966187
987914
987992
988009
989573
1002607
1125681
1203320
1219396
1224048
1259766
1259924
1259961
1260104
1312877
1312906
1319027
1319065
1343219
1367601
1378777
1428355
1433888
1449042
1454045
1454054
1454059
1464889
1541938
1542634
1550921
396817
1195260
1195428
1915434
1968111
347912
1535802
11268
128854
164096
202971
324868
324893
880434
880463
1007721
1069672
1069697
1081543
1081571
1354422
1354424
1354455
1354458
397100
425604
581464
594699
594700
717961
1141641
1178847
1343848
1343942
371294
520521
832442
832471
832472
958868
976351
994655
994669
1417586
1628209
1916609
41411
60253
159295
180486
180497
251781
267779
374479
374558
449822
711057
711077
717369
942549
942672
942687
942978
943040
1080977
1081913
1409699
1535852
1535857
1782235
157175
246520
246729
612709
612717
685297
685372
686152
686242
1080680
1136119
1361728
1361766
1431860
1431896
1431905
1643779
1665695
1720824
1720827
1896288
1896329
1900567
1924343
1924364
2014309
2054742
143018
169323
181796
242142
577898
577921
602770
602814
683906
683916
684451
684459
684474
768612
768640
768646
772378
772387
827744
827885
845602
860258
880962
883130
883149
883160
883265
883291
897580
897595
969371
1119419
1285567
1285605
1311309
1326160
1326175
1370203
1370369
1372601
1391163
1415967
1416012
1526016
1526061
1585650
1640857
1640992
37955
63907
100495
224022
560339
623511
626278
693100
737029
749433
762100
763105
774664
864814
864834
864856
1313020
1572386
1572409
1572433
1572442
81735
196801
471465
1102153
1102714
1105494
1419009
2507619
2507635
2507639
393765
777377
1701376
1744433
1744470
2111609
2111645
2137710
2137834
2137878
2560997
322985
462565
462620
853316
947314
949526
949598
950357
1033628
1052650
1052660
1098766
1140581
1158866
1159280
1159378
1834114
1834129
106233
473692
1495573
1495601
1495608
1570648
1570675
1764743
442317
491805
773249
773264
1022203
1292807
1294481
1306469
1306507
1402099
60380
60432
181892
210198
210207
261208
296848
320200
320219
320285
511865
574150
617483
617504
638273
638274
646488
646497
847060
1048694
1052331
1052369
1142362
1151931
1175595
1303120
1303268
1303282
1303502
1310366
1310476
1315486
1315534
1315564
1422272
1423292
1424130
1424137
1424145
1484501
1510285
1679448
1679449
119391
265393
493774
1128916
1422450
1622627
1828764
2045300
2045330
30449
60391
80936
82189
82769
82814
82868
88831
88842
88844
110497
129221
140759
157677
171720
171723
171780
241559
281641
358207
364850
364853
364864
386565
387505
387534
396622
396631
486449
495313
495336
517855
519507
519540
553769
560787
566879
642034
642082
668851
668888
750586
750649
798975
798978
799109
799159
811206
837259
837530
872606
872634
872647
872684
881102
881107
881111
925435
925450
925594
951851
1036535
1036537
1093852
1141583
1146707
1146750
1157227
1157253
1225200
1225212
1225240
1225359
1238191
1238218
1310775
1310827
1317242
1362049
1378603
1396872
1396892
1397004
1397025
1397027
1419280
1474132
1496825
1527302
1571038
1571086
1583998
1584011
1630238
1630248
1657252
1657395
1657407
1657443
1665068
1688176
1688220
1721058
1721088
1721121
1725789
1734844
1749764
1765438
1808143
1816537
1822023
1842574
60360
111317
125006
126978
127016
157584
191570
191609
262569
262600
265318
265327
265345
280461
371868
371912
412069
412087
435993
461015
461023
461030
482757
482762
556807
556864
632222
639944
640011
728224
728236
773186
773206
774614
795662
795721
795727
804344
804358
832744
833102
833167
957771
957780
957793
967881
967893
967908
994824
994829
994852
994883
1050222
1050241
1050249
1050258
1088438
1088447
1088450
1088501
1094015
1189266
1298502
1318933
1318958
1318986
1318998
1338217
1338229
1408430
1424187
1473259
1474149
1474217
1474225
1481404
1481445
1535988
1536017
1536022
1551886
1551909
1583628
1583653
1583662
1583676
1665505
1680271
1680291
1690087
1690103
1690137
1721992
1722013
1722043
20343
20387
20418
20422
100984
126752
126758
317549
317585
400878
450415
522579
522586
762509
841932
921258
928129
958063
967709
978509
978515
997313
1011697
1025126
1088373
1088481
1089813
1089840
1089844
1089859
1129569
1132021
1146881
1192411
1192438
1192486
1320420
1371373
1403425
61134
73073
74682
140231
473485
482370
579298
1521490
1521528
1522609
1837372
1837415
1837515
35427
49954
50019
50065
95359
95361
139812
148361
192376
192401
192451
194463
266825
266886
277323
277325
277373
490232
501920
555655
559171
559185
571679
758958
788750
788923
788958
788963
891644
557005
684568
684578
684595
744756
744782
744785
1191919
811598
894584
1217940
1870827
2063481
2063526
137943
137978
241755
241768
244506
255563
360009
360082
427802
941118
941355
1084422
1147095
1251907
1301869
1468827
1536110
1536117
481111
505874
754552
754572
1258434
1258496
1274682
1274707
1375233
1793192
368912
1250831
1250865
1744815
1745257
944219
1121032
1121036
302640
302723
898619
912615
912729
912862
1014320
1014321
1100404
1150826
1151733
1237447
1296965
1296973
1415969
1416027
66812
167893
167921
167933
224907
234754
475778
1254022
1254268
1315456
1315640
1315709
1330745
1330813
1365607
1395785
1423789
1430416
1430425
1430497
1430621
1430660
104315
104373
151634
151674
154739
154775
154858
226151
281095
281148
314548
314559
315851
329238
355307
552040
552066
596610
665035
717430
1002565
1078920
1078946
1078989
1143099
1276755
199560
1256310
1262884
1341199
1727481
2142098
2142103
71033
135621
431791
435547
435583
435588
669679
685076
752024
844553
1084615
1132471
1132510
1397835
1397865
1401427
599806
748968
750789
758243
866867
814691
936863
1447241
125234
125250
194461
194595
194735
247086
264775
297712
381157
713141
713161
799951
848938
849112
964629
1270865
1270951
1153893
1633377
325534
325543
559814
576173
831617
831634
43053
119383
125717
125744
125764
126122
127624
143329
143384
200745
200765
340012
340029
346239
391866
391877
525319
525321
525391
525429
677984
721088
721180
721209
721242
721296
851081
887798
909309
909381
909539
916703
916733
948304
952235
952263
971207
972133
1072797
1095001
1100519
1100526
1100540
1100565
1100576
1102282
1171898
1181486
1228561
1228624
1265494
1308299
1314661
1314720
1314726
1314729
1377245
1413523
1413594
1420348
1420386
1557333
1587543
1603392
1603442
200717
200735
363771
371513
1047162
1047196
1055350
1170850
1308900
1362990
1362999
1482158
1642831
1642905
1643782
1643800
1777566
1777628
1847141
1940738
96982
97091
101096
246270
471828
489540
541682
541736
567661
615765
615780
615790
675004
843865
843885
886471
886538
990936
1095463
214811
214852
302216
302902
314020
462668
577548
872333
1166611
1167526
168503
300329
397381
437233
590618
597514
1080714
1080907
1163715
1163788
1163809
1163811
1164207
1164225
1213485
1236557
1291642
276125
276149
391001
391037
395158
395230
871708
871729
1166746
1549985
15273
15275
73653
314760
314852
314853
358618
358633
360665
360728
761018
762460
815203
815694
1002936
1704944
325912
326084
326400
326421
544275
548969
548994
654250
740754
740757
743295
743296
863528
888646
888652
890015
890032
1024584
1024620
1024634
1063149
1490921
1490966
1702530
1778396
1778429
1778524
1778548
29192
29212
87500
87506
168859
463893
463901
488901
488938
489072
489094
530193
643370
643404
643425
748283
748406
822100
891039
891040
891047
1020934
1087624
1106061
1106084
1106099
1228391
1233992
1234204
1234214
1234226
1394204
1416544
1416552
1416579
1416582
1416614
1416620
1416626
1473746
1473752
1473773
1473789
1493492
1493504
1494189
1619363
1619385
1667313
1678334
1678357
1678360
1678362
1678392
1733006
1788668
1802006
549379
831050
895661
1243484
1427493
1548332
1548510
1548522
138821
187191
381401
767481
767498
255791
255806
526235
636475
636492
636527
1072429
1127734
189555
190413
190418
372571
372596
375387
469877
527284
527299
544792
992978
1139738
1160288
1168599
1235539
1243559
1243600
1361037
1444466
1455232
1466439
645208
653336
653359
799067
850168
898241
1005570
1005579
1008007
1008061
1184874
1227187
1757899
1915693
1915734
1916611
1916668
1988431
1988460
392792
396008
396011
396059
430325
448744
448795
451014
454134
454180
493518
512169
512182
512221
545972
546032
564822
575915
575917
669196
669220
689661
873755
873775
880755
883470
883474
926180
926192
926250
956923
956953
966165
979813
982221
1026659
1026700
1040955
1040998
1041137
1042400
1042439
1043885
1056489
1056552
1056563
22406
22415
579287
703722
758211
784981
836227
836268
959039
959051
964120
981446
1054699
1112903
1217452
1217504
1403208
28332
173791
197979
197984
328947
328999
329001
526341
1152220
1197450
1197509
1197521
1197588
1482853
1482866
1676251
1676261
1764761
348016
348050
359746
409595
409598
409607
409715
563475
563485
563530
875707
878853
878988
880871
881012
881818
888107
896221
911812
1090412
1790222
162011
162054
361213
506866
506893
556112
677861
677946
691845
691860
693688
855480
885944
885967
886299
931221
931240
1131016
1131076
1192888
1278915
1283455
1376946
1376970
1376976
1376977
9357
13813
31175
56191
83113
103609
135862
141821
149318
150025
150060
225340
225952
226444
228373
230431
230442
230468
244320
340472
340511
340518
341878
376320
376374
390853
390885
390942
449332
451958
457775
567958
567963
568080
574150
574152
606787
625573
625585
625613
675781
675798
675816
732500
735469
735872
735932
845681
845707
969807
969811
971437
971452
1056805
1080917
1110700
1110730
1125321
1145087
1145477
1180764
1180766
1196100
1214715
1214719
673947
673953
673992
674016
237683
237711
258887
258916
308222
369605
372951
372975
396711
400572
564028
564098
804768
1080516
1238828
74893
82640
87969
103409
174417
174426
174429
174442
434026
633846
1011471
1011512
1144846
1317695
1334508
1334672
1394546
34932
40455
40462
40467
40630
200716
285689
288558
288608
367042
368630
377121
377124
477918
477938
477944
501259
561273
564175
566769
581717
581729
581755
660694
660708
660720
829850
829882
905841
905911
957186
957202
964983
965010
1188334
1215993
1509230
46574
184610
203702
255819
416609
420675
420687
541548
596909
596977
624352
781966
790086
790087
900453
1178163
1230800
1230875
1230992
1231036
1311779
231349
238155
302026
570590
635804
648879
648918
268911
578890
578905
791198
791263
838737
932241
932265
986977
146733
181764
323495
353401
474810
474968
760511
455972
649763
1027409
1027431
17876
24655
140659
338850
338854
339329
433717
453228
1498105
168280
188720
314424
483055
698742
698754
1230963
16876
126801
361325
361348
800046
832716
864410
983689
983826
1155413
1237596
1348096
1636626
1637323
1640790
1641188
125768
253695
627073
1081066
1158923
1193505
1626231
1626295
1627414
1634015
1718375
1718383
1718384
80676
80688
224817
662740
1057668
1057815
404287
435546
435584
454879
454884
455005
480547
596277
596304
597658
597680
597705
667686
762721
809779
809834
910154
913579
936300
936306
936336
936337
936349
936365
1064617
1064626
1081022
1248207
57600
83203
83233
105930
168708
263793
299827
327117
329127
527086
527099
527101
616264
860380
907298
1132609
1376073
193415
193460
708612
743622
804436
804460
958184
958868
978148
978159
1069192
1225686
229745
229757
229772
364636
449387
450110
1380273
1427383
26465
34816
34895
34977
159617
190924
190962
199867
270601
275251
275288
363086
372269
372284
379987
474972
478159
478444
541353
541362
646361
646390
759734
804880
812929
876444
949520
1023172
1144834
1144983
1151161
1528447
1660937
196537
231333
231355
371128
371772
372468
620643
681841
693208
861989
863464
872369
872379
872391
6947
6960
244352
278327
529442
529466
533758
533766
674589
675250
682012
698075
723935
723949
734135
743848
775686
886283
901735
901768
901775
913338
913473
922506
922535
1030344
1030375
1046278
1065601
622321
753627
788673
789024
794253
949989
950046
1110238
1110286
1179245
1179290
1189319
1225905
1229187
1323749
212667
380238
509797
871375
1057296
1057324
1112253
1113011
1113113
1113168
33801
33855
33926
242972
287447
288077
409780
409789
409794
513601
513606
513608
753133
865552
1317637
1317665
1317667
1640749
1640773
257762
257816
403062
403068
494453
499771
557929
557946
825112
884854
948774
30609
389392
389948
389952
449665
450231
450269
779694
779722
779749
782783
969469
1303834
1356253
1356308
61258
120142
120203
154484
155975
156692
156764
160408
161159
161162
231378
237838
237863
266557
266564
266607
287209
300584
309890
318515
318519
438572
314223
365034
1032466
536107
726882
777064
994271
1208982
1310266
1318185
1363355
175055
281340
344822
344837
660112
660490
774127
807811
1397396
1479034
1479077
21806
43531
96565
151639
220776
220812
220818
248563
487232
586668
760524
760589
760595
822584
827581
892460
892476
919880
919920
939600
943307
943371
1078427
1180628
1287476
1287535
1287652
1350613
1465713
1513684
1513698
1516518
296678
717098
806311
806321
1034515
1058422
48161
88611
91066
91069
91089
140942
140984
163294
163455
163499
163506
163508
163511
230141
241299
241324
241330
285549
285619
296362
391296
408708
408790
559119
562726
562736
573310
573315
596839
615095
623632
652075
706974
712539
725062
751850
834427
834442
898008
898014
898487
898535
916544
918546
929562
933632
989830
995540
1057670
1057693
1057835
1067344
1067347
1067367
1148849
1158860
1179702
1179731
1179757
1179773
1203862
1263646
1293661
1300503
1352887
1353486
1359904
1361095
1361110
1361112
1403641
1405628
1411445
1411561
1426305
1426362
1433225
1438899
1438943
1495825
1510369
1513719
1513759
1518537
1563658
1563709
1563772
1572502
1587340
993364
993369
1970658
24172
24191
24203
24222
33893
34745
37805
80301
81004
81109
88725
124523
126886
126887
126917
241461
288195
288291
288304
421972
557389
561572
561611
719181
797753
878175
895345
899463
899466
910541
914756
1004773
1004829
1004848
1004856
1033911
1058877
1058900
1608969
232815
425978
694960
1003846
1787064
566911
739948
1215308
1237352
763623
955101
1054707
1102282
1145352
1212755
1276783
1284780
1289307
1441739
1532737
1532764
1532772
1532779
1753167
1785758
1793159
278617
362500
656472
831492
831564
1099684
1099888
1100116
1176877
160900
370569
420005
503565
521345
1480356
1480371
141782
495528
615281
706333
708802
708941
709006
809145
293827
465885
522522
819092
1716283
1716429
1716499
1866134
1866173
47626
71636
86739
92156
92161
223846
231205
303744
418652
1340017
576090
786513
74692
109836
109851
109881
188182
188202
188205
246208
250744
250810
250815
314913
314942
314947
324620
331441
331454
502661
624346
624436
624457
625618
625661
625666
716747
801436
801465
882381
898523
929233
1021905
1021966
1022067
1447239
1456834
1465338
1585600
1585625
152260
202919
202939
866340
14415
32884
113030
240703
275235
307340
416517
494186
560835
560917
561019
588381
588454
588728
1148749
388104
388122
718861
770575
770585
831931
995334
1020956
1032102
1032167
1043190
222631
222669
222675
586693
756359
850168
1070102
13801
19312
41722
54080
70013
115018
115129
190482
192860
193483
193490
193534
241799
286974
313014
359189
556210
556238
579137
622092
643722
699623
744900
909327
1089699
1153310
188297
1076340
1240608
1250372
12427
54752
54857
57651
57693
170870
170932
227011
232243
232257
232298
308156
308163
308261
310857
341750
341770
461488
465285
529984
571416
571449
574512
574571
574573
628971
651373
651380
831915
831959
831972
842429
938795
946605
1008448
1008461
1326407
88605
140818
140833
355542
360404
456143
477238
503494
542676
571094
579576
706556
706570
707928
707953
707994
720315
795369
796314
855565
877710
877742
929438
1018196
1043435
1109200
1086822
1086852
1086956
143496
335036
349346
393902
541531
606009
942581
160285
211903
338642
389253
419506
422036
488906
501578
514271
515809
527325
527363
608633
631463
647523
767525
774578
790716
790723
791219
830588
843521
939068
939074
939082
939090
1924
248073
1003317
1003336
1003396
1003411
5776
1230915
1255399
1945618
1945627
215505
267000
407250
1317207
210270
83784
85860
88492
168556
183114
183185
196103
363486
423181
426402
426443
426476
488442
488790
507961
507963
507986
586662
586686
586734
605422
918400
919829
1118868
1472140
1472558
59280
97039
97210
239785
240692
240704
485941
457832
457840
1152253
1152388
1154604
1154614
1226825
1229025
1229117
431630
669548
669550
1319548
1152943
1167190
1243186
1243236
324018
495808
495843
511410
511444
706359
706387
987477
987537
1192479
1280608
378678
646648
662765
828399
1242756
406296
406306
609424
609435
370965
370986
425524
799950
1002483
1002564
1002567
1036692
1036715
1122168
1144872
23286
23288
23322
25137
163016
166074
377109
679924
904513
904534
957374
112858
112889
132082
132319
139870
201161
249592
333638
352084
510271
515734
515736
520660
685220
871434
871525
872010
1107046
1477889
1591172
1591212
410148
410198
430356
464924
464953
523463
525821
525822
650053
655059
1284470
1284487
1284517
1419243
30932
102220
233368
776610
776689
1096132
1151228
1160508
649334
649480
842385
149231
255126
108346
108382
193306
205187
205316
205327
234923
234927
344385
353245
353276
353816
354063
354231
354300
354876
395328
416847
416862
437800
488336
488360
523946
558481
558528
620805
620829
707174
707212
749429
749445
785245
819327
918487
918780
918834
955818
955926
122921
183198
183872
183876
183878
185373
331910
331987
398564
1046107
1046966
271126
991668
991692
469242
588515
218683
575050
597763
644421
646971
648946
26555
26560
214899
326893
372562
404591
495769
571643
803364
957858
1415132
43658
135084
135764
148164
152407
212457
295183
305605
305701
312465
359640
365554
365558
455078
465510
465519
513644
552554
554557
839856
853265
859858
436342
556677
608209
733585
213796
213817
532507
532522
532549
785187
800164
1012486
1331204
467673
539919
568302
842146
842230
1163638
1361693
1366152
1532863
37578
325567
343679
935702
1462588
1462666
1465133
1465333
1514629
1544895
1544912
1699333
40556
291293
316269
316323
345684
381627
381636
448257
450058
450109
721194
839113
964161
1195233
1195302
63106
73648
82982
100264
100269
100279
164307
186677
236688
236700
236711
236722
447011
521069
521117
521118
553266
553294
553327
629517
629535
639407
639463
639474
687698
687717
691955
704765
718801
718900
785575
790913
807423
807435
860834
219869
219909
875426
879057
943499
347207
347312
347351
378974
555472
555493
692011
1061248
1061285
1083625
1083649
93984
93990
94028
97937
97938
98076
265325
277662
280762
293145
294667
294676
294742
297084
297111
298445
318812
362354
368918
368938
372709
372758
372771
503000
515950
516008
639290
639356
676068
676183
711530
711587
716409
717319
717352
730804
730813
730828
730908
730978
731769
731822
731857
731875
796908
808683
842626
843077
848033
848171
848210
858009
874328
874341
874399
874413
211877
167804
167810
276816
317762
317890
340737
340750
410963
411037
994856
994881
1106579
79293
86503
86553
87413
250502
301870
301879
314418
696439
732119
64736
155862
160879
189353
288772
315988
356144
357894
444896
479591
479616
608001
701566
62247
88277
88339
143149
146304
146347
222896
222908
286094
349290
349597
489822
545424
605988
606075
670611
784412
817255
828108
1026145
1132881
215309
275862
305347
305850
305905
363907
363918
363932
363968
369779
813559
817636
865427
865466
875997
880660
952295
965334
966724
983931
986047
17324
183195
197660
197663
197741
200654
301205
301210
301257
301260
329262
366606
366747
424461
500652
507758
507811
508145
508157
508177
508179
559223
559262
559319
559325
559343
569998
570055
633053
633055
633059
633099
779771
779780
810825
814465
816152
816159
832386
832392
850702
850759
905713
905741
905755
928006
982554
982568
982584
982758
1001574
1001584
1091396
1091403
1091427
1095570
1095596
1095601
1095630
1096252
188432
188499
280367
699150
1167688
1224787
1236477
1333131
1374181
872941
872969
875621
898796
1059980
1059983
221822
493473
821698
821720
1175960
1175988
175641
178509
229691
331959
354256
1110751
1170458
1265259
97148
842322
842374
842583
478765
617190
669132
669143
825565
975447
1025426
1025861
1038751
1038778
1197499
1208583
1208630
1213876
542381
650630
897961
929999
941246
1054229
1054257
1100223
1100238
44699
44710
44763
230829
230855
302540
302547
647229
647243
750717
893036
1004434
1004460
1136808
109021
716760
716791
755796
922272
985000
1003547
1061280
1061321
1116784
1172267
1187821
1187842
1187844
168181
839102
841274
1063040
1229124
1229144
1231891
178120
195022
195029
195031
249433
261862
261877
261904
261913
299829
299928
299969
320789
320900
522437
545716
568045
606825
622616
622679
622683
622693
657869
657884
657885
752875
806416
809892
820684
820703
854609
856979
860719
973795
1116511
1117341
1136990
1137028
1188728
1188754
1188768
48753
100018
351916
351960
487433
487461
488309
560059
618908
618924
618931
720369
730355
730377
730392
783551
783552
784305
803104
862460
862547
870334
870364
4685
28427
355552
373481
648568
681090
786857
1390649
1390668
1391056
45070
45081
344723
344725
413765
793556
793589
794394
888056
1419549
459069
15271
15334
111965
126960
126973
127001
260980
565661
587941
647432
735314
745034
745105
745129
745130
855769
855814
888992
889055
1128705
1128715
1128724
1128726
1128765
1219770
1219793
1314936
1315633
1363997
1364035
1370795
1370878
1378126
1378138
1421374
1421388
527188
898264
898297
1129386
1129455
667486
896078
748947
1213288
727706
64391
120215
365411
424148
542225
543188
617633
617634
637295
876782
940841
999513
1051383
1051514
18547
277332
278181
320588
320609
440617
440636
440660
440664
494809
594317
599494
600132
600348
681113
683699
683749
794769
877285
149779
201192
379681
535076
547186
547965
1114898
1304736
1321678
1321831
1321850
200980
250237
508133
48869
463905
463916
471866
550983
761009
916822
916924
996297
33920
63674
63701
67420
157205
270523
307761
338429
347949
347956
360190
391209
391250
392132
398062
399435
399439
411053
411145
411147
411189
446654
446659
450127
477287
500010
534671
534704
670136
670194
670224
684487
684497
684579
711913
711974
755175
755179
755181
755311
782358
782397
782421
793515
793522
821610
821668
821691
829769
856058
856074
856085
929467
936259
941803
956730
957346
957369
957840
993157
1009954
1009955
1009976
1009992
1020620
1020661
1027520
1027576
1032127
411826
471454
334639
522341
536041
536042
727969
833189
837949
36034
39228
44712
44742
44751
79128
85083
85140
100807
241217
241233
241279
325084
325099
682661
682675
682719
781525
781532
32938
33023
34346
34364
493811
547064
550602
635103
635164
1031481
1031524
1031968
77752
79194
96862
102718
243121
248201
248240
252454
307548
448642
458793
659174
716770
744670
744825
227508
255993
326765
908424
1285614
1285661
69406
1080898
1120164
1121318
1274131
1274165
1501544
124041
131211
505788
576628
576698
690810
690830
690840
808665
808765
808783
808834
808836
808844
877724
877732
877744
877767
1031659
1031661
1031692
1031702
22232
342479
345992
345998
429836
450219
450248
547710
587092
726272
742634
743889
762386
772676
773425
893167
382212
462054
772425
953164
984015
984065
771847
880347
880350
727153
941404
49373
113321
133933
181790
181800
250966
369088
499538
518891
520553
586614
678288
692967
770274
827785
827921
962430
970145
1045857
1049080
1049192
1049351
1049461
1173981
1174016
1232482
1233395
1233402
33638
33808
36990
91528
142684
142685
226712
226718
226753
288194
326318
441827
518375
547478
590203
595099
699319
699336
930474
942426
955524
70492
128071
606552
696223
696232
748325
816101
1193744
35818
53724
330686
1098188
64905
64962
122617
122669
125223
125263
125275
125292
133532
201674
201700
225042
257141
313328
317114
317116
321984
357670
434299
438844
439379
439389
439391
452009
460527
460548
460715
490723
490734
558733
562598
578081
580555
583824
631322
634180
635818
635854
639938
639995
640007
708284
708299
708305
715635
731039
770361
793401
793413
793426
793840
794575
794624
34983
127373
652104
652150
95594
142845
172544
262217
285132
313792
320341
320344
544493
1006075
1102805
1134707
1134757
1376111
1485614
1485658
1649155
80227
822262
822266
254977
255027
590549
748555
801631
859789
940701
11526
31979
31985
31993
38805
132248
184302
184341
192029
192093
192127
192140
192143
192492
236279
242603
242798
398936
417574
628270
628288
651809
706805
892465
1168742
206968
329158
235049
524385
524394
710221
840893
109340
118093
118099
118123
118159
265176
333777
333794
333819
586441
586459
586504
891394
891415
891440
891450
891455
891460
891469
974046
986545
986591
1005097
1005111
1106743
1106779
192886
191061
453005
461837
889058
1148268
1655831
1655976
1657676
1657677
1916395
1982307
1986660
57270
57306
59333
79393
79420
120438
147614
147623
172408
178530
284976
285020
285036
482112
482129
482134
482138
487621
487665
487672
788187
788260
788287
789207
792317
792353
884415
454583
37051
42535
72122
72143
82890
147475
147527
147555
147578
147990
356396
358985
381477
383674
383680
438241
487615
563565
563567
563626
563637
590093
590200
590206
684760
685547
685592
726931
726994
779759
783083
790635
803540
803563
804943
807253
807293
854748
854787
994227
994324
1120906
814843
814978
814979
1126486
1262515
1262558
1262573
11960
230890
43640
280518
557889
96506
96507
96569
96576
206995
240872
251691
251711
320299
354011
499973
553807
612126
612169
638726
645365
652153
777693
842303
881734
882904
882922
884056
1118289
273577
326594
326644
504786
505317
984945
624905
677083
677109
751720
91803
197109
430593
575786
40739
109437
219041
835079
994015
994039
19163
140837
140852
140888
147899
147938
221297
258342
274440
277817
295822
296931
414729
414776
414788
452400
471907
472049
472052
478501
478549
491227
500541
505749
539442
643119
643160
683792
683829
683843
683846
702825
702863
755293
755321
765373
765388
811255
811289
814913
211647
211669
781858
818614
1234134
87262
193809
705384
901090
1181857
1305207
1311849
1318052
197513
410475
475902
575458
698362
829460
829488
882881
882893
214923
655785
1189274
96723
116220
142092
154325
186773
196693
196697
196734
225689
234793
241986
261801
313730
315669
315674
327364
354924
363388
384358
394800
441981
442016
467567
486106
508923
509631
545138
547428
547491
612639
612648
621316
621334
621346
621349
766044
766086
766095
766149
778633
817809
894748
894790
894895
895008
915180
931384
931427
931474
949006
949036
955089
1033253
1039579
1039644
1039662
1039756
1039769
1046572
1061801
1119386
1200617
1243737
182144
337651
368792
413459
413475
563792
564130
634956
752279
769291
769336
95429
95443
121299
123681
123707
124674
125100
125113
125147
189731
194797
194853
37426
39505
39580
118593
452997
453015
453021
851230
913769
914109
914141
15488
70788
70796
70806
131766
154354
156999
157010
177868
243558
319727
319732
319742
404935
405008
405011
465049
466605
488920
578056
578133
592939
592946
635307
653343
653347
783983
783986
528332
545798
761007
761074
761077
115477
118615
141018
486476
682064
782040
782177
254085
202310
410161
443797
443799
445229
570550
1050553
1062383
741918
1130260
8885
981880
448761
504791
1389421
66477
66531
331027
367888
367908
377975
378093
423363
487267
531616
531620
531633
570481
592003
592050
592183
599574
717223
717237
740250
752894
752920
838949
840485
840497
220995
221003
310596
408429
415727
447867
451814
595712
595713
600887
600915
695985
135092
153416
155593
245753
337668
825764
907890
907942
907948
110603
218505
303019
750475
793531
793534
793576
793583
1024687
1040423
85941
198983
199021
199060
199083
246591
246593
322132
490646
620189
623465
623496
628063
669836
675180
678617
678622
679713
240382
240439
240450
680509
683002
738992
879803
72302
72333
664050
667048
802809
1106718
176176
176301
211014
211026
276797
276799
442583
500365
598318
598870
598874
598884
598887
768770
768785
844637
316648
385299
588764
876045
968587
95691
104729
104734
189110
189118
505751
506793
693694
886691
887278
887298
9882
52273
315565
367533
430785
430791
609866
609883
657530
668663
673837
754658
754701
980396
984432
995650
995684
1077746
1169230
1193217
1220946
183160
198454
353559
353611
426551
426557
444983
532657
590931
592182
695732
217117
315565
652808
864484
864496
864503
310365
426786
445319
445368
489822
601935
602380
602386
602754
677266
907008
986156
986166
986174
1002270
1048761
28454
88078
88533
88557
103052
200721
224095
237450
237856
330395
331275
331314
331323
331326
344291
344361
359030
480348
523369
791074
910821
921015
28664
28665
28703
31640
180454
204946
205308
352021
355937
404257
422875
454433
505577
505593
505604
506719
506814
553501
577905
601880
614634
614650
775381
775383
775429
784299
784320
810090
810102
854132
876155
211978
238918
238963
509890
551468
699798
784960
784980
41883
112311
115769
458697
529394
734881
739992
740102
740119
907094
72026
469583
627187
627209
630798
630877
777225
777226
777243
810000
810003
981942
93790
105011
334324
334340
752955
753001
753101
1176218
96573
96582
101462
447874
511442
511506
526422
536886
631116
722371
722424
722442
487010
701430
795473
892686
892708
950876
75218
134601
864921
1058849
10295
10298
10317
34478
34489
40811
86270
127151
141856
143590
143602
143607
143685
145554
167900
167929
167964
213848
213869
229674
236679
238263
238309
238344
238353
247503
247579
296802
297620
305213
305254
348662
354524
361914
361944
361961
361966
361980
361986
559352
660562
663515
663687
805575
806057
806138
156046
506387
546733
646464
703900
947329
968566
968581
968615
1018982
1019006
1054689
29875
141728
186992
187037
208846
468056
574328
665412
707491
808395
860074
17088
27766
27928
142558
252644
811648
136711
179131
242836
288145
383885
453310
453319
453358
589082
607733
1081844
1081845
1169434
728110
728115
728125
67447
78100
288700
288766
306112
368178
368246
513686
540446
856233
941331
953749
144980
243479
243485
393235
393252
437774
469743
469753
934884
934890
1020271
1020320
160608
160854
160996
143399
184057
184068
294801
294815
294846
689800
872726
930738
930761
930762
930782
70908
70932
885024
905388
192138
192172
367438
658053
658077
658082
834475
413541
690712
692233
350828
360758
453414
471362
1127178
1132294
1132314
1300546
1300577
1327241
1327284
1456756
148743
250591
250593
339317
728897
745375
879616
901796
908493
1032207
1033133
205920
210422
137361
137381
162050
162091
195318
195337
195403
195448
210034
210049
210084
212781
253067
261938
273400
358109
358128
358185
359608
359617
359644
370061
370099
370130
379736
379762
379768
429859
429880
429887
429895
430306
456576
537064
553643
568096
570577
629354
629375
631783
638414
670472
672104
672144
672233
675071
726416
726480
744380
749936
778021
808492
816585
820242
837828
859537
880414
880875
898726
899153
903013
26238
166874
189095
189138
189198
189209
417361
417367
481006
481019
585865
585898
585907
585932
732891
732896
818239
818306
818416
818419
876001
876010
112617
156895
156960
169821
309208
317927
361238
361271
427141
655835
655848
655911
682114
709345
817356
59478
172125
172154
286042
390385
390407
167832
576147
600303
600316
676434
690025
690069
465571
465596
465646
730352
730356
771648
771780
773174
773222
773275
845008
858425
1037598
1037611
79536
100063
139955
145055
153592
154915
176749
177245
243820
249090
500432
500446
826770
828098
10372
10421
164120
165816
188090
260712
468447
468466
602295
628062
110577
110610
119598
355044
356301
774280
794615
70473
70500
539381
752300
797571
837051
876108
181517
182177
372220
374806
384030
384073
384075
612499
613773
652507
652527
661460
983578
1014524
136610
136659
544935
568786
674498
942649
115462
219127
219172
221405
223533
227433
358767
358791
505330
667848
667923
716236
716242
57432
158953
223326
223330
223364
471103
479858
479908
780372
785360
861142
50994
229614
461971
477459
562048
562062
567322
116113
116127
116133
265347
268103
231120
462884
214573
277283
438919
438978
439140
491325
582402
646516
222920
657599
657650
28723
28731
115585
115612
126861
130186
154633
154694
154696
171418
230106
277367
308831
308883
412159
412177
414955
469305
518445
684737
684810
684813
703377
704539
756047
809267
809273
809276
940932
940972
75644
182757
474051
575818
575861
575873
575880
581047
644956
836238
994147
1059419
170595
116343
645569
925616
137984
220917
76520
207434
207446
332744
332762
892298
926141
15487
96823
103646
103667
103731
114821
159215
159247
160751
160867
160917
170106
170302
272435
338648
368220
404589
404617
519907
521318
521319
630258
634768
670084
670099
765147
803124
805962
868650
882348
883437
884941
901015
907960
907975
907990
915451
917655
179740
198098
198104
198111
198131
198172
323214
323218
323235
323311
381984
393740
393747
393786
444976
445906
718361
718370
718374
745289
807741
807742
807785
846203
887296
895367
895372
910811
910860
910899
910908
934603
934652
23766
132869
139134
157347
157867
247208
247224
247243
303773
304440
304525
333686
333738
348953
378964
399368
399404
402812
520398
643728
643738
712891
832901
922239
922277
922298
244055
486005
486074
144118
149048
149060
149069
173184
193858
344517
353689
355925
395121
395228
459776
514075
517899
517908
1413435
34851
176572
217565
251984
252011
80150
192571
194381
98282
98289
98333
103541
333835
346327
152884
152941
167513
170246
195027
195076
331378
834621
835217
835413
936527
49426
63330
370949
370952
417173
445142
469245
582146
701583
701606
897838
1117268
1332701
1384416
1384431
21643
21666
21766
420128
743325
743358
131640
167164
167212
167239
175939
175954
218499
218526
301411
301414
301456
418524
442761
504625
523954
531656
531755
531765
531768
605534
606274
606276
58873
65805
65818
350561
416474
416494
466865
171764
570475
611374
992884
1086603
828152
892372
892388
191170
763080
66256
66283
66721
66733
112842
116180
132966
195190
222244
223708
225163
225202
320302
321626
321659
321664
351009
351011
530544
546351
567957
567972
601645
684921
704108
704357
406954
913787
228807
328431
328480
466202
466267
598776
598786
778024
778030
189652
282804
292875
519960
549200
580762
581013
724981
724999
725011
725023
862252
863278
36628
216669
216721
314215
472693
472706
534595
208225
242833
244000
244013
271592
271601
288175
321521
450220
512880
741691
741692
54405
260872
697620
902521
186001
148943
148999
215499
414136
414157
946492
1024252
1063883
1064191
52874
227768
227825
347517
538881
311196
311198
397947
397963
481234
482705
482707
482766
482775
485462
492846
576993
425288
264977
265025
707293
707302
37182
37188
54884
364803
364836
364837
889007
889016
1289369
488946
926337
926342
1002375
1007737
1051270
110614
213680
213821
382706
383574
681230
200476
330191
700112
914599
914624
1033881
190302
314409
507095
507099
740594
38357
84761
86615
239629
394894
427781
452161
452173
481605
485911
71946
187080
81734
178976
376456
863423
868365
871265
911457
911490
21447
21539
54997
55678
63433
81742
93257
93271
106192
106216
122549
131187
131212
160483
160551
218439
283668
361090
361135
400035
466589
487004
513055
641152
641176
642168
642196
674257
674311
703339
769305
769318
798865
205233
492327
492367
595208
595541
841011
841113
22425
22449
22470
29228
32222
343329
353886
353915
360722
360777
379870
379893
225026
225044
212997
282883
430214
444314
445917
445940
447716
450921
497350
497471
498739
627999
655347
655404
655586
725278
119102
735776
736032
914030
246536
90613
90614
90639
153214
154019
154043
154060
408359
408372
439230
502148
502157
558870
558907
589476
4121
4217
29909
49745
57385
57393
57406
232078
281300
304815
309014
347857
347935
354100
393584
393593
437803
485202
485221
492602
529082
532438
532714
532715
532756
532775
587533
587568
650024
650056
667490
689253
701852
701877
709155
64773
64815
71121
71128
343636
343659
400726
650328
650441
650462
661049
661089
185648
185687
284394
284398
284503
290727
290775
459605
551367
863264
864680
157305
277938
277956
277971
400685
573576
573598
743587
93697
111104
189639
57848
157864
158038
228648
229050
551354
551359
606792
855240
855257
128287
250236
59934
59957
199354
199361
199396
584217
584245
659676
659724
659955
833083
833131
833132
833213
355323
1037509
126230
126234
126315
225933
226071
536835
672196
679157
807530
887325
898884
471722
635450
638180
741610
741630
795699
795859
800286
886062
253711
300651
336274
336348
500014
653822
731625
825650
825680
837100
67036
67644
104383
104918
104933
162296
226837
285689
552651
552707
734088
829032
831929
864786
825981
30977
30994
31004
172158
332399
67571
349177
349941
612737
623173
647007
648983
343800
234252
689342
218730
218770
218772
291117
291133
295523
295541
591546
610925
12932
126700
126705
188727
188731
315703
344126
412864
412973
413583
415743
443475
459254
535154
535162
535187
536353
557526
557589
687184
687187
692077
692125
692136
743871
743877
757261
757269
786269
786281
820542
820583
94293
165103
165124
165135
308924
308956
308974
312883
313633
413166
440975
766341
394447
492872
500924
817376
233837
233838
300641
300744
356406
74021
74042
81423
53363
59534
71931
185707
185708
198720
278649
278653
278662
278684
503248
563726
563771
569252
645398
645403
139698
141488
141496
141542
191725
204268
268867
268880
268912
295614
295692
295695
315670
396387
396423
426994
427016
427041
598620
616637
616673
629166
629204
645805
27072
553789
684927
745251
179241
193182
263709
376403
146201
162234
337046
337415
433790
439577
925710
926285
1064554
531156
30339
68768
68774
68777
79262
110357
110381
110427
180039
228847
236114
269619
269669
311025
360352
360368
389726
428340
428347
635364
636233
636266
734715
863204
863421
949621
120204
120225
120246
120287
120315
120320
280758
384618
384689
387317
507264
507278
569811
569841
700858
700914
700958
703407
19106
20707
82115
82135
82214
82253
152347
152376
163748
163780
397398
231743
484672
491168
491249
494196
495027
495069
573037
573051
573063
591764
591766
591805
620789
626565
316639
336681
548696
548702
578893
609186
609220
609244
617077
625336
625390
644410
646974
779153
1045303
1019634
1019648
106720
563910
707213
20148
66631
66634
66710
437272
612076
106150
106152
358109
360557
362444
497497
497643
46527
46537
46579
130496
143928
147956
149067
149073
223508
256154
292414
531101
533234
573557
612190
612229
639502
639546
651461
702169
717814
852098
852119
865308
865335
865372
865474
865506
20744
124966
187958
233619
781424
383710
438474
438478
438520
458299
458307
458309
460279
588625
588627
589296
6435
386759
529253
581555
582535
582559
604354
604418
370185
858561
869114
518620
518665
698016
698045
86277
326431
522509
146290
146298
306867
468869
510913
510963
542272
655374
655548
160855
160955
307825
383184
383401
23101
40751
106199
106288
125902
632352
632390
789821
505303
59711
59974
611801
611814
898957
57231
742035
742364
742977
324741
385522
385523
471805
580720
580759
86642
86661
189633
264605
264629
267160
267828
348457
350575
384087
697000
8358
79165
79166
79178
102251
187197
187231
187282
234913
458149
459232
459264
492953
492964
543502
712989
753395
798312
798335
815894
815975
927674
22459
92645
126197
126204
126221
244308
259983
502849
549018
557525
557541
557553
578113
26341
51826
51859
51887
145028
145085
235089
235103
236231
497685
854039
854115
854453
854460
854484
59171
59184
60551
139301
224951
224977
549236
378506
378535
838600
197648
197671
225172
331669
435146
527654
527655
527665
527684
539841
540532
701243
731183
731216
88275
88295
141126
141451
387123
437226
438940
455230
561089
575185
575224
441323
268199
547966
577151
604610
608783
92989
97341
99703
114620
114636
208192
208203
208263
208296
308746
308924
308975
355919
358317
406266
406275
406339
454657
454694
525164
525173
413315
413335
640980
640981
646101
742779
742826
365513
768839
792740
793029
794117
794124
238849
734810
740137
15032
114055
114152
114192
382887
382890
382916
401693
585510
81197
215918
469669
564620
85635
295146
315962
315995
410385
579547
6563
22127
22211
84700
87773
265064
407056
432759
669122
254409
63360
63410
314018
318685
336762
761035
761049
1063976
1064142
21228
289777
289801
461911
79680
99213
99244
265975
265990
348566
348568
348689
348720
402094
39593
39602
71293
166909
171453
207276
261254
444812
444868
496170
553838
621911
106375
288798
325826
325879
347036
440376
440403
455982
456008
588200
588242
644155
666965
59999
60015
7420
7425
81626
220260
220261
220281
302760
308795
314174
321114
321144
321147
367211
367214
388161
388176
432188
482472
498254
498764
510560
528909
571977
572028
762455
762472
762569
762574
764786
764798
780390
782250
782269
782301
135865
163818
202871
281001
977679
977731
977788
115084
122355
149789
205970
226939
249347
386153
459856
459865
468821
469589
469696
470036
470041
470075
470102
550743
551505
551532
551580
665988
835935
875116
875135
875181
957988
982045
992981
993017
993073
993093
993117
170104
173111
485543
491718
7734
544271
312066
654047
949055
1045847
432878
432879
432882
432900
634957
728009
810136
810160
832356
832366
832399
832423
77386
146982
350251
384354
562376
562400
92393
92552
105426
156022
163188
166217
215668
382742
405237
496713
497537
497550
173972
61353
360666
563146
209594
209607
331594
331716
331781
27517
66554
86079
193995
194082
194278
600163
670856
670869
673964
776083
783850
783856
917316
1021656
78960
78973
184360
192013
192029
441047
441107
441115
463873
160185
160201
37625
37813
166814
296488
312315
402507
402926
465467
475481
505812
505827
505835
505947
505973
506490
506514
564650
606662
606686
607427
628836
628853
645277
661935
777013
777106
777110
203492
270448
274215
336310
365836
34246
36166
94603
126196
160110
160197
370091
370127
464726
464750
464789
464869
465017
465221
465222
465228
531737
60549
60576
61558
71868
268806
268857
283002
283047
479041
60189
60265
55997
97681
97702
115553
247043
247126
253266
253274
276341
427950
427961
428159
451211
451236
459551
459589
471733
11038
42998
66489
66492
149964
318414
318459
467413
502166
504825
62774
62943
160288
160291
169702
170575
277000
285939
292011
300815
374457
157527
11469
11508
218721
221033
306404
306813
306826
306833
353179
353252
424341
496615
521790
521795
571821
571827
645483
704565
731295
753641
753663
753678
768831
768866
768881
791782
791793
890802
891681
922022
22274
394532
238922
553449
215234
233164
91685
112373
183487
183496
218672
256487
256514
259429
259476
259493
319892
346194
346241
348639
348658
348672
394414
394434
394436
504784
511752
511783
649630
48826
48883
49612
49657
50013
50029
50033
445914
445942
445949
445977
126659
126686
126689
155233
199037
251061
299093
330720
374102
381194
490619
14345
14350
14355
19997
74148
74191
75932
167846
215737
222837
280643
295784
368831
368873
489910
560168
100488
572450
637497
213681
193982
195906
242505
247884
253939
253959
253975
360251
360352
360375
360398
565137
181319
303641
50259
50269
50295
288030
288089
361534
361548
427918
427922
323034
403633
407094
407099
571085
756201
123839
276034
295471
295498
295502
295514
23724
26840
26902
26911
26928
88836
88861
88884
101794
114342
154708
154711
154755
154789
154825
162345
162354
178025
223444
223951
224019
293702
348983
350297
350738
350748
354847
382795
382921
403355
510203
510208
510236
531318
531427
28092
28093
145035
159007
216065
223701
223716
267056
267086
267149
312829
466026
486463
511965
520339
522657
581593
582390
582392
639524
639527
639539
672344
16715
33919
33961
127554
129863
130979
131081
131117
131188
134164
166180
166187
384507
508918
508979
677640
677663
44766
601370
58833
58877
58956
80051
80071
80072
123671
176521
216233
216308
231207
256049
372057
385380
459890
459921
460023
474776
475724
475778
475799
54863
97318
97320
97332
147070
147075
174311
247990
247997
251338
251340
251350
251370
251386
251393
304712
304790
352135
352143
352164
366336
393858
393905
393935
454303
454367
455298
455301
456227
617122
617168
617176
619102
619148
619154
632609
649408
649420
649459
128937
160629
160671
540224
118119
118152
244139
244160
346144
422550
495033
495075
376110
387974
397198
613307
109050
192873
352179
352203
519945
548110
451076
17709
248982
378297
378700
74685
148500
155370
155425
248074
26146
74368
117894
380903
383634
452467
547069
580827
588479
624657
766671
766681
60479
60506
71708
84033
93821
148996
168494
168528
168593
180775
190053
218256
285650
285665
285736
285745
383593
408352
408400
436360
445204
458286
458287
458295
460316
460332
460986
514868
515600
658655
685670
685684
716174
716182
716240
775758
805415
815696
816583
816604
298971
299453
514914
382533
432261
589459
589470
589472
184196
206762
25519
595879
34198
34222
66694
81555
137397
137403
138501
138616
303062
643723
54312
413170
413190
53246
241661
372803
556060
560431
242213
271078
491198
594714
594715
594731
625142
625159
284986
238478
392659
392674
392707
112297
124142
124166
124168
124174
269855
269874
269880
269926
292945
293318
354666
365069
365140
385894
396463
431122
431144
431149
431157
431176
431204
566468
566496
566545
576397
606755
701963
701987
38988
74169
74186
81099
82204
95726
164366
260539
260589
320632
56819
129431
135451
329701
201737
211631
211640
211668
310894
310955
410052
412875
412968
412998
413043
39663
59996
145229
150132
150159
272549
229606
14704
14728
32181
253398
374245
414049
466246
466248
120203
120569
325324
325400
466631
162904
162971
162989
597651
52682
64140
76051
76085
89987
102409
102425
102467
126897
129031
137695
180624
182806
200512
208867
220852
220872
221690
221700
267826
290553
292825
292870
312333
341899
349860
364872
364890
364983
365114
365223
365262
448217
519296
519356
519458
542614
576569
576579
226414
226746
446030
635523
125571
185946
484279
485988
224399
224469
226919
281351
290318
81657
81679
81687
150477
166250
166263
189789
247854
257910
312253
312443
346369
374719
386365
435463
468574
468701
472320
476129
488648
25499
26112
30289
55280
77338
77383
115012
131933
133011
134988
185386
185433
185445
185451
189253
239000
248099
252223
286245
286352
286371
406405
406865
406879
406901
414388
468660
469769
485039
499823
544512
559577
565977
568297
592665
234899
236113
236138
53317
62423
304241
333154
333211
369620
387973
428536
441725
83754
148593
297962
298026
352966
361441
361496
803578
814259
831985
832021
832029
904446
904503
904521
925740
343417
343426
343436
343445
343500
176279
176285
185282
185920
440277
440291
649657
31356
214963
248242
434593
434641
682532
74749
74750
74790
375044
83615
86391
164311
280735
298327
298390
416429
416506
439675
442161
561051
561054
683955
178521
278734
288074
168388
351208
401314
453400
96880
97064
97067
240793
244976
251630
263644
263701
263716
297333
407210
407215
407222
407228
407247
167634
167735
173174
217867
217898
217905
217913
217946
217961
217985
217991
218009
218061
218090
218108
44372
65737
80742
91052
160400
160435
181638
181672
181706
206782
206827
232171
232182
404643
74446
355161
702943
141963
148019
226820
327471
381526
433329
433362
433383
433395
9203
9332
100659
101397
101451
101464
118855
191279
392117
410766
412632
507096
507100
17473
163312
268785
279670
432758
450987
494149
164987
488502
488516
2350
2354
141333
142952
144642
184120
378734
562887
189381
189428
189438
172738
172843
53841
105509
165330
682073
58385
155872
155952
246881
249860
431587
431604
31825
31858
33133
155803
189859
189992
194022
225413
244562
248514
307745
346746
352464
352483
374322
395914
150442
267495
383284
518298
91804
301132
15717
176081
207425
314528
315759
401472
401479
401768
529987
424971
425088
23060
101719
139026
175680
175696
175700
175729
297612
332120
332136
347802
383272
61213
260670
524063
524630
414499
74934
137571
162135
164459
261353
261379
383129
404677
421566
496732
499667
500258
500267
568716
184571
373773
54159
180835
261417
261444
296423
528996
528997
21787
327941
328028
328827
493729
493734
235904
310475
358056
359978
393862
422511
425355
428668
221563
306068
500522
111303
111320
176998
157497
89105
219219
595080
100510
100773
100804
174725
174777
214007
627902
859262
23828
33242
33286
41613
41631
127336
249413
249464
249626
84388
84524
159509
226192
226281
226289
232027
378085
378118
378143
474380
578877
16973
270679
128293
113307
118891
265141
415673
534048
537329
108006
283061
507378
563479
563906
564614
564616
65786
219017
219155
216042
216048
293882
298239
330011
334095
334096
20206
144377
144382
144414
211615
240650
242111
258803
258840
258851
258931
258936
264495
265418
282595
282664
337061
337079
381077
381106
75458
49671
49705
60620
60656
173401
279487
279501
279520
433661
523874
241559
241614
241632
30361
30454
90391
90451
90854
97214
97215
421993
549918
198359
255963
60461
60912
60949
60955
124069
124101
178383
178420
253419
253432
253452
280582
282299
315032
315042
401994
415974
442499
442550
8367
8394
107193
110909
51811
189691
368155
487495
500758
501166
570738
681572
691632
691773
43255
43312
65468
73118
76135
145209
150219
172854
309021
309048
309050
316191
25853
44606
112209
144378
144409
324329
363356
363363
430256
594711
599848
599850
599854
627122
653075
653076
353547
353710
245213
414592
349153
349164
349167
571601
113026
170382
88112
97367
183532
183541
565454
565460
317389
405892
405949
410323
99822
99965
165702
177557
177561
214891
230483
233213
233260
267179
262753
76267
77812
161440
231242
272147
305642
305672
361742
361765
361774
71954
474956
647975
268244
268284
20250
20400
42279
340614
349520
484732
484781
487124
487322
510362
537410
368987
309303
71017
71064
256344
266017
328438
387251
459603
460112
483982
426861
152037
152055
152061
10303
30505
30527
61135
361584
80326
125063
89207
89254
97736
160818
188410
188419
219115
74253
137612
164540
164569
226955
258193
258203
320471
54195
56393
56501
56516
102966
103572
208982
351522
51144
182827
368872
191735
191784
316683
431762
221705
225078
22804
297698
726032
814229
907133
907189
1072361
67103
67648
27884
27911
42347
42981
179518
179530
97312
111207
113095
186680
545776
545871
283534
285925
285947
285957
297580
355285
355287
134730
134742
134784
138105
138108
138129
117237
124898
125625
125702
126305
215862
215865
223073
43849
171724
174322
174350
479355
114260
114437
128579
128949
214711
215267
407627
469503
482792
482965
482976
65374
392954
55638
55657
175324
91367
91395
192769
283987
296242
130947
377567
37626
37744
37800
62158
62170
62185
160285
160379
160674
167974
221776
248658
254480
297795
414372
415244
415263
469798
483864
487615
487622
487630
563756
563759
563768
563798
565393
565444
565467
43565
124105
126132
189549
14741
28916
86585
144520
186743
187088
325111
325898
305917
317968
301041
20511
20515
20524
20550
38712
107454
109688
210287
210310
222137
222153
222163
125152
14454
74693
82951
90236
147637
147644
157989
158015
158031
166359
171279
246651
296521
296831
296839
300974
331333
346860
346869
11944
12818
12893
135851
135923
136942
147487
286884
286891
286936
49232
425157
429074
458664
458692
210705
546698
546749
618499
618501
84082
139715
160597
160643
232331
51353
264407
44667
439658
439693
278568
278569
436919
436944
36928
98022
126945
126976
127048
127067
127091
127101
173450
307520
307553
320134
320200
190082
197606
197641
199091
372719
458451
722179
361514
550403
719834
259197
261077
261097
408242
576030
158392
158456
238592
238618
277157
58814
58832
232830
219025
238447
238542
410556
391348
397256
350882
401809
416675
116040
116044
116053
145114
332901
335698
335773
335890
335899
335910
375448
13345
13354
295434
308665
95199
126878
156254
156265
156520
181367
239823
239876
313027
435962
29305
31102
72811
72841
76759
86730
91920
91929
91938
114211
161519
198435
203857
203890
211763
211868
270932
270972
270977
154613
174492
223202
239645
239666
97207
109954
110667
170723
542144
109349
170457
254494
31224
65923
66074
66110
131191
133099
133149
135703
135719
135729
135746
161043
668859
668890
273788
312422
21074
199812
414647
19841
31049
129885
129899
216318
355637
434469
585684
230257
230356
410861
411515
277108
373980
28664
28686
28709
29409
84236
84237
246252
335528
348805
207483
98527
193067
198225
379192
410056
410090
170948
408390
411502
57773
57820
57887
183942
85517
17957
58281
58305
58316
66639
66678
88616
89688
109929
109961
225340
225449
477265
477277
439218
439232
160076
160103
263130
264753
271962
271975
272008
284508
343098
405915
405922
405939
405940
405960
108914
122101
122110
122977
161467
184728
222646
227052
227064
84696
84718
350132
350461
350488
350509
42877
43039
310233
168135
168159
248237
248318
248373
375317
375335
391626
503087
503754
120156
126026
267649
267757
54276
54315
60869
60890
105891
200324
201636
276864
374194
440946
460179
460180
460213
189402
227387
57017
147866
147918
196036
197592
206360
265230
328474
328682
347940
351897
288113
132327
8283
151706
364915
151024
333524
336341
27468
137101
137193
137207
211692
245196
304173
363569
363993
296157
318412
360219
31787
34282
38876
38910
38922
38923
197856
198752
300610
300616
300652
300656
394703
395343
415791
415846
422220
422255
28389
105012
105041
459016
38158
69072
69180
81166
81200
134957
175959
176025
243462
248285
41515
41523
41537
99098
167161
178349
178378
181035
133285
167973
168000
238148
91945
91956
91958
91965
100997
309535
89411
89434
89448
155131
155169
10141
10172
116855
155618
155625
176952
177299
277823
281096
336542
336682
336707
113389
113420
225259
245103
277593
279976
279987
101470
103415
126593
133546
379500
379513
379545
177944
180341
180366
180470
131517
334822
350167
350222
485296
485333
43122
44635
105233
111008
155731
286656
327170
327180
430933
272445
295545
295755
308236
327541
352427
352458
356054
356065
356084
89312
164442
227761
227762
84942
156712
174062
52847
112393
122592
51930
74333
144344
162332
171435
171457
171516
261781
299955
308375
308411
308428
182526
182530
89569
115751
337683
23348
23372
140721
140748
140755
145733
145740
221293
221299
223642
244822
245205
245248
245273
269590
115276
116326
191514
191886
195991
196015
432222
284623
98147
98160
98195
164731
165627
27309
27317
27327
65387
83588
83618
83621
84670
84699
225648
225660
228996
236120
255231
255232
261746
271507
271573
296603
306658
306661
23873
44098
132537
277829
25703
25802
129088
129229
161927
161941
199688
199723
207913
207915
108653
12433
16897
16962
17601
214596
215219
215240
18349
57438
57498
60236
161517
337765
157420
236841
94734
113107
166287
258698
258703
258819
258884
258891
258904
112049
24223
73080
81858
81887
82022
82078
82106
102548
102566
103150
103177
4230
494504
618243
173412
173418
268184
268200
268241
82769
248236
229774
229805
238312
238340
28614
53761
73247
89028
97246
120041
120066
157720
200400
204340
255562
120445
121906
122729
140622
191999
192011
76281
111235
175279
175297
166012
166021
311478
376804
137286
138030
142114
142118
169203
169253
226965
226997
290719
305650
305744
305766
411543
532762
21071
21736
77966
160171
160306
322021
322086
98635
210933
355466
356114
407789
407815
97820
59846
59920
107126
110207
110214
153870
156889
49007
213759
213762
273146
37096
40122
74855
74871
177011
7774
45624
53804
53832
225832
136325
211495
21603
162753
162805
191472
79175
79177
20225
232606
108597
123173
124537
156342
156354
168243
168248
266487
266529
266550
269450
341123
348141
348155
425491
425546
9731
80835
72656
70231
70433
70434
203809
203873
12344
12366
148782
194716
107443
112408
162625
163956
164070
12004
12040
299890
117701
139584
144843
358583
358587
358669
372863
372893
126760
220837
261631
261670
346755
134856
259291
259312
289509
385753
51791
55254
72535
72625
128531
162775
162782
162813
162817
193621
193639
193644
367964
45881
62298
62337
153603
153613
169011
169327
252073
252141
441698
260985
95258
18075
18080
46288
46342
137235
4053
114074
156403
168565
54118
148128
158007
159008
159035
85227
86342
139819
139835
94607
94644
94645
121910
121960
121980
84491
84528
181309
181361
90887
92883
92898
92943
95474
213465
213485
112541
112562
167509
167512
215204
146943
8247
62444
126509
220338
220341
317744
47775
94335
258627
258643
258673
260907
143592
208357
267092
277137
322767
402103
402112
152564
241362
241493
8017
8024
19315
19332
38352
38385
39107
39131
40157
40298
124688
124695
125061
125082
125112
128085
179919
181532
181543
202246
216507
263423
278609
278615
112240
112334
238973
239079
275723
48418
71688
129062
66709
66747
71188
83878
125882
125915
125925
35519
93288
93321
196732
28401
28405
36037
36114
46005
61847
61864
82345
82352
120384
120438
125478
131171
143491
143492
154477
318820
342496
66948
206950
41975
179455
179551
286055
24107
61795
76224
134794
167311
174637
174645
105882
106085
110640
110645
110971
111022
183184
119533
215288
215320
31152
43597
137890
195119
199296
99893
100006
103551
28224
28242
70818
70821
71032
72202
72229
84963
124982
148439
148497
171976
172000
144853
14294
16874
41143
96825
169345
169349
244650
25828
34483
34539
32109
77369
88035
20982
107812
107837
165553
165578
194872
83307
83348
83353
84504
84573
142369
142381
145230
244317
267829
298208
298230
298248
58353
61066
64978
87368
98220
111772
134120
134277
134285
134315
134339
136049
168367
168429
168450
189963
265445
265457
265520
282480
286407
323499
323597
376023
177096
18861
38210
64141
64177
65706
65709
68088
68151
71836
112049
112069
122217
122232
38571
38758
88552
88616
90533
100482
100490
156804
21554
22398
383561
383601
383602
383626
11391
22784
63368
85016
85057
154301
50608
59124
59132
64668
64671
64712
104287
121774
228205
271705
299734
116585
79969
81254
45835
88672
88674
176623
184615
198456
9161
9179
151117
151249
174933
174971
231013
231036
238094
238127
250806
8517
40697
114825
23304
77316
77353
87512
87532
102412
138788
138890
142475
142499
144956
144999
145226
35693
35706
35724
13683
94081
94961
105987
106011
106038
91230
91266
94348
94395
107056
115808
56194
59477
59665
61890
148502
157790
158401
99973
186409
186410
72195
120338
26863
39914
39935
39937
37650
37672
54255
63536
63553
27037
36498
57152
70329
70552
70642
70677
12304
72116
12540
12550
12575
18909
18917
18972
50358
67810
29967
146196
146233
144541
97220
17629
70922
136186
118825
118900
4309
4387
4409
20407
20420
13452
13459
166377
132656
133749
133759
48684
50459
51958
83565
37369
37497
39522
39543
46388
125096
125151
72085
72216
72245
11563
44883
98420
107725
107774
67323
49285
49292
134416
165620
165655
165663
193075
194518
41693
41720
62506
62530
62613
61084
93751
109104
109148
118226
121181
67341
67370
67416
17574
17601
17602
17623
57083
88869
77485
62990
63021
87888
22715
22780
58078
61907
79953
80260
81328
81439
18662
60243
60697
16050
16054
16088
16100
16363
16382
21286
49488
43086
68419
71736
71746
71760
11597
11659
25919
18464
54369
56806
61336
75692
6526
6531
27783
98376
111338
42056
42118
29232
62450
62490
62520
20127
20136
14335
34403
155269
155277
98738
98783
8566
23900
23920
49314
14181
14258
13608
13652
70966
71027
142670
104625
104664
118401
2122
2151
71255
50656
50715
1953
1088
88693
89448
115698
115769
51
84
110
51296
57792
57846
109335
112951
73526
66478
66506
745
749
772
27015
27087
14649
158
38796
38811
38851
17782
72604
115
126
23219
983
210
566
612
4328
4336
